


------------------------------------------Orientation binned data------------------------------------------
formula              0 to 5        5 to 10        10 to 15        15 to 20        20 to 25        25 to 30
C6                         9             23            41            69            77            98      
C5                         7             13            27            40            49            53      
C7                         8             24            37            52            53            49      
C5-O1                     0.1            0.1             2              2             0.1             1       
C4-O1                     0.1             1             0.1             3              2              2       



------------------------------------------Orientation binned data------------------------------------------
formula              0 to 5        5 to 10        10 to 15        15 to 20        20 to 25        25 to 30
C6                         3              8             16            25            30            36      
C5                         2              4              3             14            22            18      
C7                         4             10             6             25            19            24      
C5-O1                     0.1            0.1             2             0.1            0.1             2       
C4-O1                     0.1            0.1            0.1             2             0.1            0.1      



------------------------------------------Orientation binned data------------------------------------------
formula              0 to 5        5 to 10        10 to 15        15 to 20        20 to 25        25 to 30
C6                         3              8             16            25            30            36      
C5                         2              4              3             14            22            18      
C7                         4             10             6             25            19            24      
C5-O1                     0.1            0.1             2             0.1            0.1             2       
C4-O1                     0.1            0.1            0.1             2             0.1            0.1      
