HEADER
ITEM:    zlo    zhi    bin-span    bin-count    measure    delimiter
-1.415503   1.415897   2.831400      6        psize        |     

DATA
ITEM: binID    lo    hi    center    C    H    N    C|0    C|6    H|0    N|0    C|0|Sp3    C|6|Sp2    H|0|Terminal    N|0|Sp2
1    -1.4155    -0.9436    -1.1796    0.0000    0.0000    0.0000    0.0000    0.0000    0.0000    0.0000    0.0000    0.0000    0.0000    0.0000
2    -0.9436    -0.4717    -0.7077    0.0000    16.1290    0.0000    0.0000    0.0000    16.1290    0.0000    0.0000    0.0000    16.1290    0.0000
3    -0.4717    0.0002    -0.2358    32.2581    22.5806    6.4516    12.9032    19.3548    22.5806    6.4516    12.9032    19.3548    22.5806    6.4516
4    0.0002    0.4721    0.2361    3.2258    3.2258    0.0000    3.2258    0.0000    3.2258    0.0000    3.2258    0.0000    3.2258    0.0000
5    0.4721    0.9440    0.7080    0.0000    16.1290    0.0000    0.0000    0.0000    16.1290    0.0000    0.0000    0.0000    16.1290    0.0000
6    0.9440    1.4159    1.1799    0.0000    0.0000    0.0000    0.0000    0.0000    0.0000    0.0000    0.0000    0.0000    0.0000    0.0000
