HEADER
ITEM:    zlo    zhi    bin-span    bin-count    measure    delimiter
-95.000000 70.000000   3.437500      48     pmass-local     |     

DATA
ITEM: binID    lo    hi    center    C    H    N    O    C|0    C|3    C|6    H|0    N|0    O|0    O|3    C|0|Sp3    C|3|Sp3    C|6|Sp2    H|0|Terminal    N|0|Sp2    O|0|Sp3    O|3|Sp3    C1008|[6]|    C11-H18-N2|[6]|C6    C11-H18-N2|[]|    C19-H20-O4|[3]|C2-O1    C19-H20-O4|[6]|C6    C19-H20-O4|[]|
1    -95.0000    -91.5625    -93.2812    73.7767    7.6828    4.6928    13.8477    18.7795    9.3898    45.6074    7.6828    4.6928    6.7005    7.1472    18.7795    9.3898    45.6074    7.6828    4.6928    6.7005    7.1472    0.0000    12.0726    16.6740    16.5370    33.5349    21.1817
2    -91.5625    -88.1250    -89.8438    70.7011    7.1636    3.0395    19.0958    14.6615    13.0325    43.0071    7.1636    3.0395    8.6799    10.4159    14.6615    13.0325    43.0071    7.1636    3.0395    8.6799    10.4159    0.0000    6.5162    11.4424    23.4483    36.4909    22.1022
3    -88.1250    -84.6875    -86.4062    74.1973    6.8976    1.8648    17.0404    13.7521    13.1125    47.3328    6.8976    1.8648    8.9462    8.0942    13.7521    13.1125    47.3328    6.8976    1.8648    8.9462    8.0942    0.0000    4.7972    7.1250    21.2066    42.5355    24.3356
4    -84.6875    -81.2500    -82.9688    73.4100    7.5325    4.1121    14.9454    17.9518    11.8610    43.5972    7.5325    4.1121    6.8322    8.1132    17.9518    11.8610    43.5972    7.5325    4.1121    6.8322    8.1132    0.0000    12.1816    14.7066    19.9742    31.4156    21.7220
5    -81.2500    -77.8125    -79.5312    71.0409    7.3745    2.7484    18.8363    16.8343    14.4775    39.7290    7.3745    2.7484    9.4181    9.4181    16.8343    14.4775    39.7290    7.3745    2.7484    9.4181    9.4181    0.0000    4.3769    13.8756    23.8957    35.3521    22.4997
6    -77.8125    -74.3750    -76.0938    74.2385    6.5210    2.6949    16.5456    14.7322    12.9990    46.5074    6.5210    2.6949    8.8500    7.6957    14.7322    12.9990    46.5074    6.5210    2.6949    8.8500    7.6957    0.0000    10.3992    9.1570    20.6946    36.1082    23.6409
7    -74.3750    -70.9375    -72.6562    75.0743    7.0744    2.5967    15.2546    13.9969    12.4063    48.6710    7.0744    2.5967    9.3223    5.9323    13.9969    12.4063    48.6710    7.0744    2.5967    9.3223    5.9323    0.0000    3.4992    8.1204    18.3387    45.1718    24.8699
8    -70.9375    -67.5000    -69.2188    71.2920    7.0162    2.2674    19.4245    15.2306    12.3141    43.7473    7.0162    2.2674    9.0648    10.3597    15.2306    12.3141    43.7473    7.0162    2.2674    9.0648    10.3597    0.0000    5.5089    8.2726    22.6738    38.2384    25.3062
9    -67.5000    -64.0625    -65.7812    75.6929    7.7390    4.2400    12.3281    18.1795    9.2550    48.2583    7.7390    4.2400    5.2835    7.0446    18.1795    9.2550    48.2583    7.7390    4.2400    5.2835    7.0446    0.0000    12.5604    18.1989    16.2997    35.6979    17.2431
10    -64.0625    -60.6250    -62.3438    71.3609    7.0136    4.4982    17.1272    16.3937    12.8578    42.1094    7.0136    4.4982    8.9918    8.1354    16.3937    12.8578    42.1094    7.0136    4.4982    8.9918    8.1354    0.0000    10.2863    14.3193    20.9933    31.8231    22.5781
11    -60.6250    -57.1875    -58.9062    74.4921    7.5969    2.3373    15.5737    17.0363    11.6916    45.7642    7.5969    2.3373    7.5644    8.0093    17.0363    11.6916    45.7642    7.5969    2.3373    7.5644    8.0093    0.0000    7.0150    12.4031    19.7009    38.7492    22.1318
12    -57.1875    -53.7500    -55.4688    68.5883    7.3485    5.4358    18.6274    13.9840    16.9806    37.6237    7.3485    5.4358    6.6526    11.9747    13.9840    16.9806    37.6237    7.3485    5.4358    6.6526    11.9747    0.0000    12.6522    15.5246    28.9553    24.9715    17.8964
13    -53.7500    -50.3125    -52.0312    72.6516    7.2991    2.7843    17.2651    16.7133    10.2326    45.7057    7.2991    2.7843    10.9042    6.3608    16.7133    10.2326    45.7057    7.2991    2.7843    10.9042    6.3608    0.0000    3.7520    10.5006    16.5934    41.9537    27.2003
14    -50.3125    -46.8750    -48.5938    78.3174    6.9486    2.7887    11.9453    16.4407    9.5655    52.3112    6.9486    2.7887    5.5745    6.3708    16.4407    9.5655    52.3112    6.9486    2.7887    5.5745    6.3708    0.0000    10.1633    11.1209    15.9363    42.1479    20.6315
15    -46.8750    -43.4375    -45.1562    72.3380    7.0594    2.2902    18.3123    17.0207    13.4202    41.8971    7.0594    2.2902    10.0282    8.2841    17.0207    13.4202    41.8971    7.0594    2.2902    10.0282    8.2841    0.0000    8.5104    11.6613    21.7043    33.3868    24.7372
16    -43.4375    -40.0000    -41.7188    73.3001    8.3624    3.9391    14.3984    18.9162    12.4982    41.8858    8.3624    3.9391    6.7492    7.6491    18.9162    12.4982    41.8858    8.3624    3.9391    6.7492    7.6491    0.0000    7.7691    18.6838    20.1473    34.1166    19.2831
17    -40.0000    -36.5625    -38.2812    74.8415    7.1164    5.9826    12.0595    15.9943    9.0534    49.7937    7.1164    5.9826    6.4318    5.6278    15.9943    9.0534    49.7937    7.1164    5.9826    6.4318    5.6278    0.0000    17.2015    17.5200    14.6812    32.5922    18.0051
18    -36.5625    -33.1250    -34.8438    73.4258    7.0778    2.3142    17.1822    16.5373    11.2454    45.6431    7.0778    2.3142    8.3708    8.8114    16.5373    11.2454    45.6431    7.0778    2.3142    8.3708    8.8114    0.0000    3.6382    10.0163    20.0568    42.0048    24.2839
19    -33.1250    -29.6875    -31.4062    70.2409    6.9852    2.1650    20.6088    15.1621    14.2338    40.8449    6.9852    2.1650    11.5409    9.0679    15.1621    14.2338    40.8449    6.9852    2.1650    11.5409    9.0679    0.0000    5.8792    8.3646    23.3017    34.9657    27.4888
20    -29.6875    -26.2500    -27.9688    74.2658    7.1830    5.1375    13.4136    16.0490    9.4406    48.7763    7.1830    5.1375    6.2876    7.1260    16.0490    9.4406    48.7763    7.1830    5.1375    6.2876    7.1260    0.0000    13.2168    17.0891    16.5665    35.5595    17.5681
21    -26.2500    -22.8125    -24.5312    74.1937    9.1756    8.4569    8.1739    26.7767    9.4834    37.9336    9.1756    8.4569    2.9723    5.2015    26.7767    9.4834    37.9336    9.1756    8.4569    2.9723    5.2015    0.0000    22.3139    35.7409    14.6849    15.6197    11.6405
22    -22.8125    -19.3750    -21.0938    100.0000    0.0000    0.0000    0.0000    0.0000    0.0000    100.0000    0.0000    0.0000    0.0000    0.0000    0.0000    0.0000    100.0000    0.0000    0.0000    0.0000    0.0000    100.0000    0.0000    0.0000    0.0000    0.0000    0.0000
23    -19.3750    -15.9375    -17.6562    99.9251    0.0749    0.0000    0.0000    0.0000    0.0000    99.9251    0.0749    0.0000    0.0000    0.0000    0.0000    0.0000    99.9251    0.0749    0.0000    0.0000    0.0000    99.9251    0.0000    0.0416    0.0000    0.0000    0.0333
24    -15.9375    -12.5000    -14.2188    72.5536    6.9810    2.5528    17.9126    18.1384    13.1347    41.2805    6.9810    2.5528    7.0817    10.8309    18.1384    13.1347    41.2805    6.9810    2.5528    7.0817    10.8309    0.0000    9.6947    13.2273    23.9656    31.5858    21.5266
25    -12.5000    -9.0625    -10.7812    74.2956    7.5666    4.2058    13.9320    13.7050    11.5411    49.0496    7.5666    4.2058    8.1670    5.7650    13.7050    11.5411    49.0496    7.5666    4.2058    8.1670    5.7650    0.0000    7.2132    11.1618    17.3060    41.8364    22.4826
26    -9.0625    -5.6250    -7.3438    73.4319    7.2248    3.3219    16.0214    15.8258    13.6102    43.9958    7.2248    3.3219    8.8539    7.1674    15.8258    13.6102    43.9958    7.2248    3.3219    8.8539    7.1674    0.0000    7.2799    13.4129    20.7777    36.7159    21.8136
27    -5.6250    -2.1875    -3.9062    71.3441    6.9973    4.4509    17.2077    17.9094    12.9183    40.5164    6.9973    4.4509    7.8217    9.3860    17.9094    12.9183    40.5164    6.9973    4.4509    7.8217    9.3860    0.0000    11.4503    14.4251    22.3043    29.0661    22.7543
28    -2.1875    1.2500    -0.4688    75.7366    7.4103    2.3763    14.4767    14.2643    7.4718    54.0006    7.4103    2.3763    8.1432    6.3336    14.2643    7.4718    54.0006    7.4103    2.3763    8.1432    6.3336    0.0000    4.7548    9.4088    13.8053    49.2458    22.7853
29    1.2500    4.6875    2.9688    73.2182    6.6644    3.6123    16.5051    16.0517    12.6724    44.4941    6.6644    3.6123    8.2525    8.2525    16.0517    12.6724    44.4941    6.6644    3.6123    8.2525    8.2525    0.0000    10.4195    12.5432    20.9249    34.0746    22.0378
30    4.6875    8.1250    6.4062    71.5805    8.1569    2.1967    18.0660    18.4602    14.3161    38.8041    8.1569    2.1967    7.5275    10.5385    18.4602    14.3161    38.8041    8.1569    2.1967    7.5275    10.5385    0.0000    7.1580    12.0394    24.8546    31.6461    24.3019
31    8.1250    11.5625    9.8438    76.4945    6.7215    2.7985    13.9855    14.6989    10.1993    51.5963    6.7215    2.7985    9.1905    4.7950    14.6989    10.1993    51.5963    6.7215    2.7985    9.1905    4.7950    0.0000    6.2995    10.5099    14.9943    45.2968    22.8995
32    11.5625    15.0000    13.2812    74.0248    6.7490    4.6181    14.6081    17.3638    12.1852    44.4758    6.7490    4.6181    7.7098    6.8983    17.3638    12.1852    44.4758    6.7490    4.6181    7.7098    6.8983    0.0000    14.9268    17.0761    19.0834    29.5490    19.3647
33    15.0000    18.4375    16.7188    98.0159    0.6542    0.4435    0.8865    1.1408    0.3803    96.4948    0.6542    0.4435    0.0000    0.8865    1.1408    0.3803    96.4948    0.6542    0.4435    0.0000    0.8865    95.8293    0.4753    1.8801    1.2667    0.1901    0.3583
34    18.4375    21.8750    20.1562    100.0000    0.0000    0.0000    0.0000    0.0000    0.0000    100.0000    0.0000    0.0000    0.0000    0.0000    0.0000    0.0000    100.0000    0.0000    0.0000    0.0000    0.0000    100.0000    0.0000    0.0000    0.0000    0.0000    0.0000
35    21.8750    25.3125    23.5938    61.0838    12.1318    2.3744    24.4099    16.2890    20.3613    24.4335    12.1318    2.3744    8.1366    16.2733    16.2890    20.3613    24.4335    12.1318    2.3744    8.1366    16.2733    0.0000    0.0000    10.8750    36.6346    24.4335    28.0569
36    25.3125    28.7500    27.0312    75.3795    6.3258    4.0523    14.2424    16.5728    9.3556    49.4511    6.3258    4.0523    8.1894    6.0530    16.5728    9.3556    49.4511    6.3258    4.0523    8.1894    6.0530    0.0000    8.8210    13.8473    15.4086    40.6301    21.2930
37    28.7500    32.1875    30.4688    73.4354    7.7308    2.6761    16.1576    17.7032    12.1300    43.6023    7.7308    2.6761    8.2972    7.8605    17.7032    12.1300    43.6023    7.7308    2.6761    8.2972    7.8605    0.0000    12.7856    13.5934    19.9904    30.8166    22.8139
38    32.1875    35.6250    33.9062    72.4683    7.0733    4.7151    15.7433    13.9960    12.7519    45.7204    7.0733    4.7151    7.0430    8.7002    13.9960    12.7519    45.7204    7.0733    4.7151    7.0430    8.7002    0.0000    7.7756    13.3868    21.4522    37.9448    19.4407
39    35.6250    39.0625    37.3438    73.9034    7.3014    3.1339    15.6613    18.1399    12.4292    43.3343    7.3014    3.1339    8.5019    7.1595    18.1399    12.4292    43.3343    7.3014    3.1339    8.5019    7.1595    0.0000    7.3903    13.4795    19.5887    35.9439    23.5975
40    39.0625    42.5000    40.7812    71.5107    7.4655    2.7930    18.2307    16.7657    12.6598    42.0853    7.4655    2.7930    8.2038    10.0269    16.7657    12.6598    42.0853    7.4655    2.7930    8.2038    10.0269    0.0000    9.2382    12.3304    22.6867    32.8470    22.8976
41    42.5000    45.9375    44.2188    75.0573    7.1590    1.9279    15.8558    13.5566    12.2340    49.2667    7.1590    1.9279    8.3683    7.4875    13.5566    12.2340    49.2667    7.1590    1.9279    8.3683    7.4875    0.0000    5.2904    6.7328    19.7215    43.9763    24.2790
42    45.9375    49.3750    47.6562    74.4481    6.6167    2.1979    16.7373    15.0781    10.9944    48.3756    6.6167    2.1979    10.0424    6.6949    15.0781    10.9944    48.3756    6.6167    2.1979    10.0424    6.6949    0.0000    5.6543    10.5081    17.6894    42.7213    23.4270
43    49.3750    52.8125    51.0938    71.7069    8.0235    5.5747    14.6949    18.0187    14.7091    38.9791    8.0235    5.5747    5.3881    9.3068    18.0187    14.7091    38.9791    8.0235    5.5747    5.3881    9.3068    0.0000    13.2382    17.6070    24.0159    25.7409    19.3980
44    52.8125    56.2500    54.5312    75.0975    7.2738    3.0863    14.5423    17.8646    10.2556    46.9773    7.2738    3.0863    7.9322    6.6101    17.8646    10.2556    46.9773    7.2738    3.0863    7.9322    6.6101    0.0000    9.5940    14.5173    16.8657    37.3834    21.6397
45    56.2500    59.6875    57.9688    73.8182    6.9602    3.6560    15.5656    15.6757    9.4054    48.7371    6.9602    3.6560    8.3523    7.2133    15.6757    9.4054    48.7371    6.9602    3.6560    8.3523    7.2133    0.0000    9.9754    14.0999    16.6187    38.7617    20.5442
46    59.6875    63.1250    61.4062    68.1074    7.7484    4.5034    19.6409    17.9045    15.4470    34.7558    7.7484    4.5034    7.4822    12.1586    17.9045    15.4470    34.7558    7.7484    4.5034    7.4822    12.1586    0.0000    9.8299    15.0233    27.6057    24.9259    22.6152
47    63.1250    66.5625    64.8438    74.6792    7.3467    2.9273    15.0468    16.0027    13.1787    45.4979    7.3467    2.9273    8.7773    6.2695    16.0027    13.1787    45.4979    7.3467    2.9273    8.7773    6.2695    0.0000    7.2169    11.5969    19.4482    38.2810    23.4571
48    66.5625    70.0000    68.2812    75.2726    7.0098    3.3334    14.3842    16.5155    11.1162    47.6409    7.0098    3.3334    6.7690    7.6152    16.5155    11.1162    47.6409    7.0098    3.3334    6.7690    7.6152    0.0000    10.4810    13.5657    18.7314    37.1599    20.0620
